0.000 51.08098100 -114.12872700
0.900 51.08098100 -114.12873740
2.200 51.08098100 -114.12874780
3.000 51.08098100 -114.12875819
3.600 51.08098100 -114.12876859
4.350 51.08098100 -114.12877899
4.950 51.08098100 -114.12878939
5.600 51.08098100 -114.12879978
6.250 51.08098100 -114.12881018
6.800 51.08098100 -114.12882058
7.400 51.08098100 -114.12883098
7.850 51.08098100 -114.12884137
8.500 51.08098100 -114.12885177
9.200 51.08098100 -114.12886217
9.750 51.08098100 -114.12887257
10.350 51.08098100 -114.12888297
10.850 51.08098100 -114.12889336
11.400 51.08098100 -114.12890376
11.950 51.08098100 -114.12891416
12.550 51.08098100 -114.12892456
13.100 51.08098100 -114.12893495
13.700 51.08098100 -114.12894535
14.300 51.08098100 -114.12895575
14.800 51.08098100 -114.12896615
15.350 51.08098100 -114.12897654
16.050 51.08098100 -114.12898694
16.550 51.08098100 -114.12899734
17.150 51.08098100 -114.12900774
17.700 51.08098100 -114.12901814
18.300 51.08098100 -114.12902853
18.800 51.08098100 -114.12903893
19.350 51.08098100 -114.12904933
19.850 51.08098100 -114.12905973
20.300 51.08098100 -114.12907012
21.000 51.08098100 -114.12908052
21.600 51.08098100 -114.12909092
22.100 51.08098100 -114.12910132
22.650 51.08098100 -114.12911172
23.200 51.08098100 -114.12912211
23.700 51.08098100 -114.12913251
24.200 51.08098100 -114.12914291
24.800 51.08098100 -114.12915331
25.350 51.08098100 -114.12916370
25.950 51.08098100 -114.12917410
26.400 51.08098100 -114.12918450
27.050 51.08098100 -114.12919490
27.550 51.08098100 -114.12920529
28.200 51.08098100 -114.12921569
28.700 51.08098100 -114.12922609
29.250 51.08098100 -114.12923649
29.800 51.08098100 -114.12924689
30.350 51.08098100 -114.12925728
30.900 51.08098100 -114.12926768
31.450 51.08098100 -114.12927808
31.950 51.08098100 -114.12928848
32.500 51.08098100 -114.12929887
33.050 51.08098100 -114.12930927
33.650 51.08098100 -114.12931967
34.250 51.08098100 -114.12933007
34.650 51.08098100 -114.12934046
35.300 51.08098100 -114.12935086
35.900 51.08098100 -114.12936126
36.350 51.08098736 -114.12936200
37.050 51.08099372 -114.12936200
37.650 51.08100008 -114.12936200
38.200 51.08100644 -114.12936200
38.800 51.08101280 -114.12936200
39.400 51.08101916 -114.12936200
39.950 51.08102552 -114.12936200
40.550 51.08103188 -114.12936200
41.000 51.08103824 -114.12936200
41.650 51.08104460 -114.12936200
42.250 51.08105096 -114.12936200
42.800 51.08105732 -114.12936200
43.350 51.08106368 -114.12936200
43.950 51.08107004 -114.12936200
44.450 51.08107640 -114.12936200
45.100 51.08108276 -114.12936200
45.650 51.08108912 -114.12936200
46.200 51.08109548 -114.12936200
46.750 51.08110184 -114.12936200
47.400 51.08110820 -114.12936200
47.900 51.08111456 -114.12936200
48.700 51.08111500 -114.12935529
49.300 51.08111500 -114.12934458
49.850 51.08111500 -114.12933387
50.400 51.08111500 -114.12932317
50.850 51.08111500 -114.12931246
51.550 51.08111500 -114.12930175
52.100 51.08111500 -114.12929104
52.650 51.08111500 -114.12928033
53.200 51.08111500 -114.12926962
53.750 51.08111500 -114.12925891
54.300 51.08111500 -114.12924820
54.900 51.08111500 -114.12923750
55.400 51.08111500 -114.12922679
55.950 51.08111500 -114.12921608
56.500 51.08111500 -114.12920537
57.050 51.08111500 -114.12919466
57.650 51.08111500 -114.12918395
58.150 51.08111500 -114.12917324
58.700 51.08111500 -114.12916253
59.200 51.08111500 -114.12915183
59.750 51.08111500 -114.12914112
60.350 51.08111500 -114.12913041
60.900 51.08111500 -114.12911970
61.450 51.08111500 -114.12910899
62.000 51.08111500 -114.12909828
62.550 51.08111500 -114.12908757
63.100 51.08111500 -114.12907687
63.600 51.08111500 -114.12906616
64.200 51.08111500 -114.12905545
64.650 51.08111500 -114.12904474
65.300 51.08111500 -114.12903403
65.800 51.08111500 -114.12902332
66.350 51.08111500 -114.12901261
66.950 51.08111500 -114.12900190
67.500 51.08111500 -114.12899120
68.000 51.08111500 -114.12898049
68.550 51.08111500 -114.12896978
69.100 51.08111500 -114.12895907
69.750 51.08111500 -114.12894836
70.300 51.08111500 -114.12893765
70.900 51.08111500 -114.12892694
71.300 51.08111500 -114.12891623
71.900 51.08111500 -114.12890553
72.350 51.08110987 -114.12890500
73.050 51.08110273 -114.12890500
73.500 51.08109560 -114.12890500
74.150 51.08108847 -114.12890500
74.700 51.08108133 -114.12890500
75.250 51.08107420 -114.12890500
75.750 51.08106707 -114.12890500
76.200 51.08105993 -114.12890500
76.900 51.08105280 -114.12890500
77.500 51.08104567 -114.12890500
78.050 51.08103853 -114.12890500
78.600 51.08103140 -114.12890500
79.150 51.08102427 -114.12890500
79.750 51.08101714 -114.12890500
80.300 51.08101000 -114.12890500
80.900 51.08100287 -114.12890500
81.400 51.08099574 -114.12890500
81.900 51.08098860 -114.12890500
82.500 51.08097516 -114.12890741
83.100 51.08097516 -114.12891813
83.700 51.08097516 -114.12892885
84.300 51.08097516 -114.12893957
84.800 51.08097516 -114.12895030
85.400 51.08097516 -114.12896102
85.900 51.08097516 -114.12897174
86.400 51.08097516 -114.12898246
87.000 51.08097516 -114.12899318
87.650 51.08097516 -114.12900390
88.250 51.08097516 -114.12901463
88.800 51.08097516 -114.12902535
89.200 51.08097516 -114.12903607
89.850 51.08097516 -114.12904679
90.400 51.08097516 -114.12905751
91.000 51.08097516 -114.12906823
91.500 51.08097516 -114.12907896
92.050 51.08097516 -114.12908968
92.500 51.08097516 -114.12910040
93.250 51.08097516 -114.12911112
93.700 51.08097516 -114.12912184
94.300 51.08097516 -114.12913256
94.900 51.08097516 -114.12914329
95.450 51.08097516 -114.12915401
96.000 51.08097516 -114.12916473
96.550 51.08097516 -114.12917545
97.100 51.08097516 -114.12918617
97.700 51.08097516 -114.12919689
98.250 51.08097516 -114.12920762
98.850 51.08097516 -114.12921834
99.350 51.08097516 -114.12922906
99.950 51.08097516 -114.12923978
100.550 51.08097516 -114.12925050
101.100 51.08097516 -114.12926122
101.650 51.08097516 -114.12927194
102.250 51.08097516 -114.12928267
102.750 51.08097516 -114.12929339
103.350 51.08097516 -114.12930411
103.900 51.08097516 -114.12931483
104.550 51.08097516 -114.12932555
105.150 51.08097516 -114.12933627
105.700 51.08097516 -114.12934700
106.200 51.08097516 -114.12935772
106.650 51.08097516 -114.12936844
107.350 51.08097516 -114.12937916
107.850 51.08097516 -114.12938988
108.350 51.08097516 -114.12940060
109.050 51.08097516 -114.12941133
109.550 51.08097516 -114.12942205
110.000 51.08097516 -114.12943277
110.700 51.08097516 -114.12944349
111.200 51.08097516 -114.12945421
111.750 51.08097516 -114.12946493
112.300 51.08097516 -114.12947566
112.900 51.08097516 -114.12948638
113.450 51.08097516 -114.12949710
113.950 51.08097516 -114.12950782
114.600 51.08097516 -114.12951854
115.100 51.08097516 -114.12952926
115.750 51.08097516 -114.12953999
116.250 51.08097516 -114.12955071
116.850 51.08097516 -114.12956143
117.400 51.08097516 -114.12957215
118.000 51.08097516 -114.12958287
118.500 51.08097516 -114.12959359
119.100 51.08097516 -114.12960432
119.650 51.08097516 -114.12961504
120.200 51.08097516 -114.12962576
120.750 51.08097516 -114.12963648
121.350 51.08097516 -114.12964720
121.900 51.08097516 -114.12965792
122.500 51.08097516 -114.12966865
123.050 51.08097516 -114.12967937
123.700 51.08097516 -114.12969009
124.300 51.08097516 -114.12970081
124.850 51.08097516 -114.12971153
125.400 51.08097516 -114.12972225
126.000 51.08097516 -114.12973298
126.550 51.08097516 -114.12974370
126.950 51.08097516 -114.12975442
127.750 51.08097516 -114.12976514
128.300 51.08097516 -114.12977586
128.850 51.08097516 -114.12978658
129.450 51.08097516 -114.12979731
130.000 51.08097516 -114.12980803
130.550 51.08097516 -114.12981875
131.100 51.08097516 -114.12982947
131.700 51.08097516 -114.12984019
132.250 51.08097516 -114.12985091
132.800 51.08097516 -114.12986164
133.350 51.08097516 -114.12987236
133.950 51.08097516 -114.12988308
134.450 51.08097516 -114.12989380
134.950 51.08097516 -114.12990452
135.650 51.08097516 -114.12991524
136.100 51.08098450 -114.12991600
136.800 51.08099100 -114.12991600
137.350 51.08099750 -114.12991600
137.900 51.08100401 -114.12991600
138.450 51.08101051 -114.12991600
139.000 51.08101701 -114.12991600
139.650 51.08102351 -114.12991600
140.150 51.08103001 -114.12991600
140.750 51.08103651 -114.12991600
141.300 51.08104302 -114.12991600
141.900 51.08104952 -114.12991600
142.450 51.08105602 -114.12991600
143.000 51.08106252 -114.12991600
143.600 51.08106902 -114.12991600
144.200 51.08107552 -114.12991600
144.700 51.08108203 -114.12991600
145.300 51.08108853 -114.12991600
145.900 51.08109503 -114.12991600
146.450 51.08110153 -114.12991600
147.050 51.08110803 -114.12991600
147.650 51.08111453 -114.12991600
148.350 51.08111500 -114.12990913
148.750 51.08111500 -114.12989925
149.400 51.08111500 -114.12988938
150.100 51.08111500 -114.12987951
150.700 51.08111500 -114.12986963
151.200 51.08111500 -114.12985976
151.900 51.08111500 -114.12984989
152.550 51.08111500 -114.12984002
153.100 51.08111500 -114.12983014
153.750 51.08111500 -114.12982027
154.350 51.08111500 -114.12981040
155.100 51.08111500 -114.12980052
155.700 51.08111500 -114.12979065
156.300 51.08111500 -114.12978078
156.850 51.08111500 -114.12977090
157.450 51.08111500 -114.12976103
158.000 51.08111500 -114.12975116
158.450 51.08111500 -114.12974128
159.100 51.08111500 -114.12973141
159.700 51.08111500 -114.12972154
160.250 51.08111500 -114.12971166
160.850 51.08111500 -114.12970179
161.400 51.08111500 -114.12969192
162.000 51.08111500 -114.12968205
162.550 51.08111500 -114.12967217
163.200 51.08111500 -114.12966230
163.600 51.08110850 -114.12966200
164.150 51.08110200 -114.12966200
164.750 51.08109550 -114.12966200
165.400 51.08108899 -114.12966200
165.900 51.08108249 -114.12966200
166.450 51.08107599 -114.12966200
167.150 51.08106949 -114.12966200
167.750 51.08106299 -114.12966200
168.300 51.08105649 -114.12966200
168.850 51.08104999 -114.12966200
169.400 51.08104349 -114.12966200
170.000 51.08103698 -114.12966200
170.550 51.08103048 -114.12966200
171.200 51.08102398 -114.12966200
171.750 51.08101748 -114.12966200
172.250 51.08101098 -114.12966200
172.950 51.08100448 -114.12966200
173.500 51.08099798 -114.12966200
174.300 51.08099148 -114.12966200
174.950 51.08098497 -114.12966200
175.450 51.08097847 -114.12966200
176.050 51.08097847 -114.12967176
176.600 51.08097847 -114.12968152
177.200 51.08097847 -114.12969127
177.800 51.08097847 -114.12970103
178.350 51.08097847 -114.12971079
179.000 51.08097847 -114.12972055
179.600 51.08097847 -114.12973031
180.250 51.08097847 -114.12974007
180.850 51.08097847 -114.12974982
181.450 51.08097847 -114.12975958
182.100 51.08097847 -114.12976934
182.650 51.08097847 -114.12977910
183.250 51.08097847 -114.12978886
183.850 51.08097847 -114.12979861
184.450 51.08097847 -114.12980837
184.950 51.08097847 -114.12981813
185.500 51.08097847 -114.12982789
186.100 51.08097847 -114.12983765
186.650 51.08097847 -114.12984741
187.250 51.08097847 -114.12985716
187.850 51.08097847 -114.12986692
188.300 51.08097847 -114.12987668
188.950 51.08097847 -114.12988644
189.500 51.08097847 -114.12989620
190.100 51.08097847 -114.12990595
190.600 51.08097847 -114.12991571
191.200 51.08097847 -114.12992547
191.750 51.08097847 -114.12993523
192.400 51.08097847 -114.12994499
193.000 51.08097847 -114.12995475
193.500 51.08097847 -114.12996450
194.050 51.08097847 -114.12997426
194.600 51.08097847 -114.12998402
195.200 51.08097847 -114.12999378
195.900 51.08097847 -114.13000354
196.400 51.08097847 -114.13001329
197.100 51.08097847 -114.13002305
197.600 51.08097847 -114.13003281
198.300 51.08097847 -114.13004257
198.900 51.08098509 -114.13004257
199.400 51.08099170 -114.13004257
200.100 51.08099831 -114.13004257
200.750 51.08100493 -114.13004257
201.300 51.08101154 -114.13004257
201.750 51.08101815 -114.13004257
202.450 51.08102477 -114.13004257
203.000 51.08103138 -114.13004257
203.550 51.08103799 -114.13004257
204.200 51.08104461 -114.13004257
204.700 51.08105122 -114.13004257
205.300 51.08105783 -114.13004257
205.850 51.08106445 -114.13004257
206.400 51.08107106 -114.13004257
207.000 51.08107767 -114.13004257
207.550 51.08108429 -114.13004257
208.150 51.08109090 -114.13004257
208.700 51.08109751 -114.13004257
209.250 51.08110413 -114.13004257
209.800 51.08111074 -114.13004257
210.400 51.08111735 -114.13004257
210.900 51.08112397 -114.13004257
211.450 51.08112397 -114.13005648
212.050 51.08112397 -114.13007038
212.550 51.08112397 -114.13008429
213.200 51.08112397 -114.13009820
213.750 51.08112397 -114.13011211
214.300 51.08112397 -114.13012601
214.800 51.08112397 -114.13013992
215.450 51.08112397 -114.13015383
215.950 51.08112397 -114.13016774
216.550 51.08112397 -114.13018164
217.050 51.08112397 -114.13019555
217.700 51.08112397 -114.13020946
218.200 51.08112397 -114.13022337
218.800 51.08111776 -114.13022337
219.350 51.08111156 -114.13022337
219.750 51.08110536 -114.13022337
220.450 51.08109915 -114.13022337
221.050 51.08109295 -114.13022337
221.650 51.08108674 -114.13022337
222.300 51.08108054 -114.13022337
222.900 51.08107434 -114.13022337
223.600 51.08106813 -114.13022337
224.050 51.08106193 -114.13022337
224.850 51.08105572 -114.13022337
225.350 51.08104952 -114.13022337
225.950 51.08104332 -114.13022337
226.500 51.08103711 -114.13022337
227.100 51.08103091 -114.13022337
227.600 51.08102470 -114.13022337
228.400 51.08101850 -114.13022337
228.700 51.08101230 -114.13022337
229.050 51.08100609 -114.13022337
229.500 51.08099989 -114.13022337
230.450 51.08099368 -114.13022337
231.200 51.08098748 -114.13022337
231.750 51.08098128 -114.13022337
232.300 51.08097507 -114.13022337
233.000 51.08096887 -114.13022337
233.700 51.08096266 -114.13022337
234.250 51.08095646 -114.13022337
234.850 51.08095646 -114.13021288
235.450 51.08095646 -114.13020239
236.100 51.08095646 -114.13019190
236.650 51.08095646 -114.13018141
237.250 51.08095646 -114.13017092
237.800 51.08095646 -114.13016043
238.300 51.08095646 -114.13014994
238.950 51.08095646 -114.13013945
239.600 51.08095646 -114.13012896
240.150 51.08095646 -114.13011847
240.700 51.08095646 -114.13010798
241.350 51.08095646 -114.13009749
242.000 51.08095646 -114.13008700
242.550 51.08095646 -114.13007651
243.300 51.08095646 -114.13006602
243.850 51.08095646 -114.13005553
244.450 51.08096313 -114.13005553
245.050 51.08096981 -114.13005553
245.700 51.08097649 -114.13005553
246.300 51.08098316 -114.13005553
247.000 51.08098984 -114.13005553
247.550 51.08099651 -114.13005553
248.100 51.08100319 -114.13005553
248.750 51.08100987 -114.13005553
249.450 51.08101654 -114.13005553
250.100 51.08102322 -114.13005553
250.600 51.08102989 -114.13005553
251.250 51.08103657 -114.13005553
251.750 51.08104325 -114.13005553
252.350 51.08104992 -114.13005553
253.000 51.08105660 -114.13005553
253.600 51.08106327 -114.13005553
254.200 51.08106995 -114.13005553
254.700 51.08107662 -114.13005553
255.400 51.08108330 -114.13005553
256.050 51.08108998 -114.13005553
256.600 51.08109665 -114.13005553
257.150 51.08110333 -114.13005553
257.850 51.08111000 -114.13005553
258.400 51.08111500 -114.13002841
259.050 51.08111500 -114.13001783
259.500 51.08111500 -114.13000724
260.150 51.08111500 -114.12999666
260.800 51.08111500 -114.12998607
261.350 51.08111500 -114.12997549
262.000 51.08111500 -114.12996490
262.600 51.08111500 -114.12995431
263.150 51.08111500 -114.12994373
263.800 51.08111500 -114.12993314
264.300 51.08111500 -114.12992256
264.950 51.08111500 -114.12991197
265.500 51.08111500 -114.12990138
266.100 51.08111500 -114.12989080
266.650 51.08111500 -114.12988021
267.250 51.08111500 -114.12986963
267.800 51.08111500 -114.12985904
268.450 51.08111500 -114.12984846
268.950 51.08111500 -114.12983787
269.600 51.08111500 -114.12982728
270.150 51.08111500 -114.12981670
270.800 51.08111500 -114.12980611
271.400 51.08111500 -114.12979553
272.000 51.08111500 -114.12978494
272.500 51.08111500 -114.12977435
273.150 51.08111500 -114.12976377
273.650 51.08111500 -114.12975318
274.250 51.08111500 -114.12974260
274.750 51.08111500 -114.12973201
275.400 51.08111500 -114.12972143
275.950 51.08111500 -114.12971084
276.600 51.08111500 -114.12970025
277.250 51.08111500 -114.12968967
277.800 51.08111500 -114.12967908
278.300 51.08111500 -114.12966850
278.750 51.08111500 -114.12965791
279.450 51.08111500 -114.12964732
280.050 51.08111500 -114.12963674
280.600 51.08111500 -114.12962615
281.200 51.08111500 -114.12961557
281.850 51.08111500 -114.12960498
282.350 51.08111500 -114.12959440
282.900 51.08111500 -114.12958381
283.500 51.08111500 -114.12957322
284.000 51.08111500 -114.12956264
284.600 51.08111500 -114.12955205
285.150 51.08111500 -114.12954147
285.650 51.08111500 -114.12953088
286.250 51.08111500 -114.12952029
286.750 51.08111500 -114.12950971
287.400 51.08111500 -114.12949912
288.000 51.08111500 -114.12948854
288.550 51.08111500 -114.12947795
289.100 51.08111500 -114.12946737
289.700 51.08111500 -114.12945678
290.200 51.08111500 -114.12944619
290.800 51.08111500 -114.12943561
291.400 51.08111500 -114.12942502
291.950 51.08111500 -114.12941444
292.550 51.08111500 -114.12940385
293.100 51.08111500 -114.12939326
293.700 51.08111500 -114.12938268
294.300 51.08111500 -114.12937209
294.800 51.08111500 -114.12936151
295.400 51.08111500 -114.12935092
295.900 51.08111500 -114.12934034
296.550 51.08111500 -114.12932975
297.100 51.08111500 -114.12931916
297.700 51.08111500 -114.12930858
298.100 51.08111500 -114.12929799
298.800 51.08111500 -114.12928741
299.400 51.08111500 -114.12927682
299.950 51.08111500 -114.12926623
300.550 51.08111500 -114.12925565
301.050 51.08111500 -114.12924506
301.650 51.08111500 -114.12923448
302.200 51.08111500 -114.12922389
302.800 51.08111500 -114.12921331
303.350 51.08111500 -114.12920272
303.950 51.08111500 -114.12919213
304.500 51.08111500 -114.12918155
305.150 51.08111500 -114.12917096
305.700 51.08111500 -114.12916038
306.250 51.08111500 -114.12914979
306.750 51.08111500 -114.12913920
307.400 51.08111500 -114.12912862
307.950 51.08111500 -114.12911803
308.500 51.08111500 -114.12910745
309.050 51.08111500 -114.12909686
309.650 51.08111500 -114.12908628
310.150 51.08111500 -114.12907569
310.750 51.08111500 -114.12906510
311.300 51.08111500 -114.12905452
311.950 51.08111500 -114.12904393
312.450 51.08111500 -114.12903335
313.050 51.08111500 -114.12902276
313.550 51.08111500 -114.12901218
314.150 51.08111500 -114.12900159
314.800 51.08111500 -114.12899100
315.250 51.08111500 -114.12898042
315.950 51.08111500 -114.12896983
316.500 51.08111500 -114.12895925
317.050 51.08111500 -114.12894866
317.700 51.08111500 -114.12893807
318.200 51.08111500 -114.12892749
318.850 51.08111500 -114.12891690
319.350 51.08111500 -114.12890632
320.050 51.08110738 -114.12890632
320.600 51.08109975 -114.12890632
321.200 51.08109213 -114.12890632
321.800 51.08108451 -114.12890632
322.350 51.08107688 -114.12890632
323.000 51.08106926 -114.12890632
323.550 51.08106164 -114.12890632
324.100 51.08105401 -114.12890632
324.650 51.08104639 -114.12890632
325.200 51.08103876 -114.12890632
325.850 51.08103114 -114.12890632
326.400 51.08102352 -114.12890632
326.900 51.08101589 -114.12890632
327.500 51.08100827 -114.12890632
328.000 51.08100065 -114.12890632
328.600 51.08099302 -114.12890632
329.100 51.08098540 -114.12890632
329.750 51.08097778 -114.12890632
330.350 51.08097015 -114.12890632
330.900 51.08096253 -114.12890632
331.450 51.08096253 -114.12889361
332.050 51.08096253 -114.12888091
332.650 51.08096253 -114.12886821
333.200 51.08096253 -114.12885551
333.850 51.08096253 -114.12884280
334.400 51.08096253 -114.12883010
335.000 51.08096253 -114.12881740
335.400 51.08096253 -114.12880469
336.050 51.08096253 -114.12879199
336.700 51.08096253 -114.12877929
337.300 51.08096253 -114.12876659
337.800 51.08096253 -114.12875388
338.300 51.08096253 -114.12874118
339.000 51.08096253 -114.12872848
