1 -0.593 -1.780 0.000 
2 0.407 -1.780 0.000 
3 1.407 -1.780 0.000 
4 2.407 -1.780 0.000 
5 3.407 -1.780 0.000 
6 4.407 -1.780 0.000 
7 5.407 -1.780 0.000 
8 6.407 -1.780 0.000 
9 7.407 -1.780 0.000 
10 -1.593 -0.780 0.000 
11 -0.593 -0.780 0.000 
12 0.407 -0.780 0.000 
13 1.407 -0.780 0.000 
14 2.407 -0.780 0.000 
15 3.407 -0.780 0.000 
16 4.407 -0.780 0.000 
17 5.407 -0.780 0.000 
18 6.407 -0.780 0.000 
19 7.407 -0.780 0.000 
20 8.407 -0.780 0.000 
21 -2.593 0.220 0.000 
22 -1.593 0.220 0.000 
23 -0.593 0.220 0.000 
24 5.407 0.220 0.000 
25 6.407 0.220 0.000 
26 7.407 0.220 0.000 
27 8.407 0.220 0.000 
28 -1.593 1.220 0.000 
29 -0.593 1.220 0.000 
30 6.407 1.220 0.000 
31 7.407 1.220 0.000 
32 8.407 1.220 0.000 
33 -1.593 2.220 0.000 
34 -0.593 2.220 0.000 
35 6.407 2.220 0.000 
36 7.407 2.220 0.000 
37 8.407 2.220 0.000 
38 -1.593 3.220 0.000 
39 -0.593 3.220 0.000 
40 7.407 3.220 0.000 
41 8.407 3.220 0.000 
42 -1.593 4.220 0.000 
43 -0.593 4.220 0.000 
44 7.407 4.220 0.000 
45 8.407 4.220 0.000 
46 -1.593 5.220 0.000 
47 -0.593 5.220 0.000 
48 7.407 5.220 0.000 
49 8.407 5.220 0.000 
50 -1.593 6.220 0.000 
51 -0.593 6.220 0.000 
52 7.407 6.220 0.000 
53 8.407 6.220 0.000 
54 -1.593 7.220 0.000 
55 7.407 7.220 0.000 
56 8.407 7.220 0.000 
57 -1.593 8.220 0.000 
58 7.407 8.220 0.000 
59 8.407 8.220 0.000 
60 -1.593 9.220 0.000 
61 7.407 9.220 0.000 
62 8.407 9.220 0.000 
63 -1.593 10.220 0.000 
64 7.407 10.220 0.000 
65 8.407 10.220 0.000 
66 -2.593 11.220 0.000 
67 -1.593 11.220 0.000 
68 -0.593 11.220 0.000 
69 7.407 11.220 0.000 
70 8.407 11.220 0.000 
71 -2.593 12.220 0.000 
72 -1.593 12.220 0.000 
73 -0.593 12.220 0.000 
74 7.407 12.220 0.000 
75 8.407 12.220 0.000 
76 -2.593 13.220 0.000 
77 -1.593 13.220 0.000 
78 -0.593 13.220 0.000 
79 7.407 13.220 0.000 
80 8.407 13.220 0.000 
81 -2.593 14.220 0.000 
82 -1.593 14.220 0.000 
83 -0.593 14.220 0.000 
84 6.407 14.220 0.000 
85 7.407 14.220 0.000 
86 8.407 14.220 0.000 
87 -1.593 15.220 0.000 
88 -0.593 15.220 0.000 
89 0.407 15.220 0.000 
90 1.407 15.220 0.000 
91 2.407 15.220 0.000 
92 3.407 15.220 0.000 
93 4.407 15.220 0.000 
94 5.407 15.220 0.000 
95 6.407 15.220 0.000 
96 7.407 15.220 0.000 
97 8.407 15.220 0.000 